1298174|11
1298177|15
1298179|17
1298181|18
1298182|110
1298183|1503
1298187|26
1298189|3225
1298191|441
1298192|158
1298193|73
1298197|262
1298199|1607
1298202|314
1298204|1111
1298205|104
1298207|917
1298208|51
1298209|26
1298212|12
1298213|3651
1298214|197
1298216|53
1298217|53
1298219|120
1298220|27
1298224|62
1298227|82
1298228|34
1298230|1796
1298231|139
1298232|32
1298235|60
1298237|243
1298239|62
1298241|346
1298242|98
1298244|796
1298245|849
1298246|70
1298247|80
1298248|417
1298250|321
1298251|58
1298252|1220
1298254|126
1298255|233
1298257|48
1298258|118
1298259|26
1298261|736
1298266|40
1298269|233
1298270|1339
1298271|100
1298272|701
1298273|312
1298274|12
1298275|84
1298277|32
1298278|128
1298279|18
1298280|27
1298287|11
1298289|187
1298290|13
1298291|495
1298293|32
1298297|2101
1298298|11
1298299|1667
1298302|44
1298305|14
1298307|30
1298308|2149
1298309|97
1298310|79
1298312|68
1298313|51
1298317|189
1298320|2497
1298328|1297
1298331|1270
1298333|215
1298334|253
1298337|98
1298338|37
1298339|389
1298340|212
1298345|130
1298346|3522
1298347|133
1298348|53
1298349|37
1298350|294
1298351|672
1298354|665
1298357|110
1298358|39
1298359|52
1298361|23
1298362|35
1298366|750
1298370|737
1298371|140
1298374|14
1298375|56
1298376|67
1298377|170
1298379|38
1298382|239
1298384|70
1298385|737
1298386|37
1298389|2003
1298391|56
1298394|28
1298395|16
1298397|847
1298398|30
1298399|121
1298400|55
1298401|469
1298405|1002
1298406|242
1298408|23
1298412|1066
1298415|72
1298417|24
1298418|117
1298420|99
1298422|43
1298428|376
1298430|22
1298432|74
1298433|135
1298436|12
1298437|580
1298439|56
1298440|70
1298442|527
1298443|2100
1298446|49
1298447|26
1298450|192
1298452|44
1298455|213
1298461|355
1298462|19
1298465|87
1298467|62
1298468|2022
1298471|194
1298474|185
1298481|51
1298482|18
1298484|24
1298485|215
1298487|99
1298488|90
1298489|263
1298491|18
1298492|396
1298493|564
1298494|211
1298497|295
1298499|29
1298505|1218
1298506|2049
1298507|56
1298508|15
1298510|92
1298513|49
1298514|21
1298515|54
1298516|11
1298517|553
1298521|1563
1298522|1294
1298525|7522
1298526|35
1298528|1373
1298534|14
1298535|160
1298539|45
1298541|100
1298542|23
1298545|67
1298550|235
1298553|62
1298554|68
1298556|161
1298561|145
1298563|134
1298564|111
1298566|376
1298570|80
1298571|11
1298572|388
1298573|17
1298574|349
1298581|281
1298584|597
1298586|3846
1298588|30
1298589|1160
1298591|91
1298593|423
1298595|11
1298596|993
1298597|296
1298602|479
1298603|694
1298608|266
1298609|416
1298610|15
1298613|87
1298616|855
1298617|55
1298618|14
1298619|121
1298624|41258
1298627|72
1298628|19
1298630|27
1298635|1238
1298636|14
1298638|1798
1298644|1888
1298645|18
1298646|53
1298648|80
1298650|98
1298653|13207
1298654|43
1298655|530
1298656|183
1298658|16
1298667|486
1298668|64
1298669|221
1298670|44
1298671|12
1298672|752
1298676|105
1298677|45
1298683|353
1298685|17
1298687|31
1298688|511
1298690|112
1298691|16
1298692|391
1298694|1136
1298695|754
1298698|33
1298703|48
1298704|281
1298706|46
1298708|264
1298710|262
1298712|187
1298716|51
1298717|219
1298718|614
1298719|74
1298720|58
1298721|92
1298723|27
1298726|62
1298727|165
1298728|1355
1298733|2989
1298734|128
1298736|76
1298737|554
1298741|12
1298744|15356
1298745|110
1298748|60
1298753|760
1298754|316
1298755|761
1298757|33
1298759|9327
1298761|1538
1298762|11
1298764|69
1298766|37
1298769|75
1298771|306
1298778|198
1298779|165
1298781|18
1298784|357
1298785|69
1298788|14
1298789|12
1298790|19
1298793|11
1298800|53
1298803|29
1298806|11
1298809|37
1298812|25
1298813|226
1298814|29
1298816|16
1298817|1285
1298819|632
1298821|357
1298822|360
1298823|79
1298826|48
1298828|21
1298829|89
1298830|19
1298831|34
1298832|14
1298835|24
1298837|70
1298840|73
1298842|15
1298846|67
1298847|18
1298850|252
1298852|17
1298854|3031
1298855|185
1298857|11
1298860|34
1298861|37
1298862|15
1298863|109
1298864|89
1298866|80
1298867|35
1298869|361
1298870|790
1298871|528
1298872|412
1298873|1710
1298874|2324
1298875|41
1298876|290
1298877|45
1298878|211
1298880|837
1298882|21
1298884|295
1298886|78
1298891|29
1298892|164
1298893|63
1298894|113
1298895|63
1298897|38
1298898|10328
1298899|19
1298900|28
1298902|85
1298905|111
1298906|56
1298908|14
1298909|8328
1298910|1634
1298911|385
1298915|12
1298917|1468
1298918|31
1298919|12
1298923|15
1298927|34
1298930|1029
1298932|15
1298933|134
1298934|98
1298936|14
1298939|94
1298943|139
1298944|243
1298946|31
1298947|1148
1298950|24
1298951|27
1298960|196
1298962|3313
1298965|130
1298969|61
1298972|23
1298973|1258
1298974|2740
1298975|19
1298976|1445
1298977|243
1298981|189
1298982|51
1298985|111
1298986|13
1298988|40
1298990|31
1298991|30
1298992|19
1298994|39
1298997|657
1298998|18
1298999|1007
1299003|195
1299004|72
1299005|73
1299007|29
1299008|23
1299010|27
1299011|14
1299012|15
1299015|136
1299017|64
1299018|23
1299019|164
1299026|226
1299027|483
1299028|44
1299029|25
1299031|36
1299034|80
1299035|869
1299036|81
1299037|180
1299038|138
1299042|368
1299043|11
1299048|1170
1299054|5800
1299057|305
1299059|3655
1299062|5286
1299063|78
1299064|92
1299065|13
1299067|222
1299077|634
1299079|19
1299080|7829
1299082|110
1299084|18
1299085|383
1299086|578
1299087|97
1299090|46
1299092|2178
1299097|87
1299102|20
1299103|1171
1299107|1038
1299111|619
1299112|3273
1299115|162
1299120|1004
1299122|136
1299125|195
1299126|76
1299130|20
1299131|12609
1299133|44
1299135|1682
1299136|129
1299137|44
1299140|32
1299141|36
1299143|37
1299144|194
1299148|44
1299150|335
1299151|18
1299153|4146
1299158|549
1299160|59
1299161|42
1299162|12
1299164|34
1299166|581
1299167|28
1299168|53
1299170|126
1299175|86
1299176|237
1299178|11
1299182|180
1299185|57
1299193|8298
1299195|640
1299200|67
1299202|11
1299204|813
1299205|12
1299207|221
1299208|31
1299209|495
1299212|132
1299213|1278
1299214|88
1299221|54
1299227|859
1299228|74
1299231|571
1299235|1227
1299236|170
1299237|921
1299238|54
1299239|74
1299241|13
1299243|5511
1299245|131
1299246|82
1299247|1513
1299248|1135
1299250|1624
1299251|468
1299254|91
1299256|458
1299257|116
1299258|20
1299259|196
1299261|865
1299262|111
1299263|54
1299265|2523
1299270|76
1299277|29
1299279|47
1299282|467
1299284|266
1299287|772
1299288|15738
1299291|33
1299292|4351
1299298|16
1299300|59
1299304|13
1299305|20
1299311|14
1299314|25
1299315|74
1299316|134
1299318|28
1299319|17
1299320|30
1299322|28
1299327|28933
1299328|34
1299329|98
1299330|227
1299333|14
1299335|746
1299337|159
1299339|60
1299343|600
1299344|49
1299345|79
1299348|1005
1299351|53
1299354|11
1299358|30
1299359|110
1299360|482
1299361|8988
1299362|6519
1299363|204
1299364|18
1299365|2023
1299366|58
1299367|166
1299369|21
1299371|38
1299373|208
1299374|3348
1299377|92
1299378|584
1299382|60
1299383|5259
1299385|1422
1299388|11
1299389|41
1299391|23
1299392|53
1299394|44
1299396|235
1299398|20802
1299400|13
1299401|25
1299403|22
1299404|120
1299408|632
1299409|22
1299411|29
1299412|317
1299415|281
1299418|20
1299422|47
1299425|78
1299426|22
1299427|85
1299432|339
1299433|259
1299434|82
1299436|2398
1299440|75
1299441|663
1299446|190
1299448|16
1299454|24
1299457|440
1299460|16
1299462|59
1299463|73
1299466|116
1299471|28
1299472|18
1299475|60
1299476|18
1299480|43
1299481|2164
1299485|171
1299486|351
1299487|52
1299494|32
1299495|1025
1299497|126
1299499|12
1299502|547
1299503|32
1299509|44
1299510|4677
1299513|2000
1299514|16
1299516|33
1299517|239
1299519|88
1299520|27
1299521|109
1299523|335
1299524|80
1299526|109
1299527|29
1299528|151
1299530|34
1299535|163
1299536|355
1299537|228
1299539|600
1299547|54
1299548|79
1299549|256
1299550|927
1299552|146
1299553|16
1299555|86
1299556|384
1299557|50
1299558|20
1299560|2023
1299564|20
1299565|28
1299566|169
1299569|26
1299575|68
1299576|2033
1299578|528
1299581|18
1299582|2080
1299584|342
1299586|713
1299588|1262
1299591|192
1299592|137
1299593|777
1299595|89
1299598|27
1299603|11303
1299606|62
1299607|2496
1299608|175
1299610|208
1299612|357
1299616|248
1299618|27
1299619|137
1299621|160
1299624|4501
1299627|16
1299628|413
1299629|411
1299630|40
1299632|58
1299633|117
1299636|11
1299638|51
1299639|11
1299641|37
1299643|5297
1299644|53
1299645|762
1299646|41
1299648|28
1299649|1819
1299651|32
1299653|29
1299654|27
1299655|152
1299656|28
1299658|670
1299660|16
1299661|14597
1299662|969
1299663|626
1299664|55
1299665|493
1299666|23
1299667|369
1299670|79
1299671|18
1299674|14
1299676|47
1299677|76
1299680|2882
1299686|15
1299687|65
1299689|115
1299691|310
1299701|243
1299704|342
1299705|22
1299711|3905
1299714|29
1299716|56
1299717|183
1299721|11
1299722|79
1299725|43
1299727|29
1299729|14
1299730|313
1299731|24
1299733|85
1299734|150
1299736|24
1299737|1331
1299739|39
1299741|33
1299745|2116
1299747|97
1299759|26
1299763|117
1299765|4759
1299766|14
1299767|389
1299769|7081
1299770|14
1299773|43
1299775|278
1299776|66
1299777|611
1299782|2698
1299783|88
1299785|207
1299786|1351
1299787|37
1299788|72
1299790|270
1299793|19
1299795|2706
1299799|2197
1299800|420
1299802|689
1299807|12
1299809|2468
1299811|2219
1299812|11
1299814|31
1299816|51
1299818|17
1299820|40
1299822|245
1299824|535
1299828|46
1299829|131
1299830|78
1299832|15
1299837|2540
1299840|127
1299843|159
1299845|20
1299846|73
1299850|25
1299851|310
1299857|26
1299858|465
1299859|156
1299862|45
1299863|2543
1299864|178
1299865|128
1299867|21
1299868|83
1299873|13
1299875|624
1299877|120
1299878|756
1299879|581
1299880|70
1299882|48
1299884|191
1299885|244
1299886|93
1299888|666
1299889|4613
1299891|127
1299895|281
1299898|442
1299900|1333
1299903|417
1299904|488
1299906|17
1299908|11
1299910|319
1299913|706
1299914|11
1299922|1832
1299923|3371
1299927|17
1299930|171
1299932|863
1299936|42
1299937|17
1299943|54
1299944|89
1299945|399
1299949|27
1299951|40
1299952|2256
1299957|178
1299964|76
1299965|377
1299966|313
1299967|841
1299968|44
1299972|41
1299973|63
1299981|3562
1299984|216
1299986|446
1299990|768
1299991|22
1299992|169
1299994|24
1299995|12
1299997|140
1299998|67
1299999|12
1300005|21
1300010|23
1300016|21
1300017|11
1300019|360
1300021|281
1300023|17
1300025|256
1300027|94
1300028|51
1300029|4673
1300031|211
1300033|13
1300034|233
1300038|867
1300043|911
1300044|3634
1300048|84
1300050|137
1300055|6540
1300056|6112
1300058|227
1300060|247
1300064|4538
1300067|267
1300069|6863
1300070|575
1300072|114
1300073|67
1300074|143
1300075|664
1300077|1249
1300080|458
1300081|38
1300082|2723
1300083|413
1300084|49
1300085|498
1300086|41
1300089|1976
1300092|1582
1300093|456
1300094|38
1300097|129
1300098|43
1300100|17
1300103|21
1300106|375
1300107|35
1300108|3308
1300112|188
1300114|16
1300115|142
1300116|147
1300117|9618
1300119|57
1300120|25
1300122|465
1300124|13
1300127|31
1300130|411
1300132|11
1300135|21
1300138|11
1300139|253
1300142|64
1300143|235
1300144|33
1300145|47
1300149|290
1300151|31
1300154|34
1300161|2150
1300162|117
1300165|77
1300166|336
1300168|42
1300173|44
1300174|23
1300176|12
1300177|39
1300178|28
1300179|24
1300180|44
1300183|383
1300184|12
1300185|2184
1300186|2917
1300188|329
1300193|1282
1300195|67
1300196|29
1300199|48
1300201|1131
1300202|571
1300203|83
1300204|261
1300205|143
1300207|15
1300208|398
1300209|172
1300211|334
1300212|25
1300213|18
1300215|35
1300217|161
1300220|7635
1300224|15
1300229|50
1300230|13
1300231|12
1300238|16
1300240|21
1300241|126
1300242|1279
1300246|2391
1300247|165
1300250|970
1300253|19
1300255|18
1300259|13
1300264|325
1300265|1926
1300266|982
1300267|34402
1300268|30
1300269|42
1300275|6963
1300276|14
1300277|33
1300279|25
1300282|6702
1300285|42
1300287|476
1300288|466
1300290|28
1300292|1614
1300293|42
1300295|243
1300297|12
1300298|2032
1300299|23335
1300300|14258
1300302|20
1300303|2818
1300305|115
1300306|728
1300308|14
1300311|43
1300312|18
1300317|418
1300319|31
1300321|123
1300323|175
1300324|301
1300328|57
1300330|282
1300331|103
1300334|3496
1300337|194
1300342|119
1300343|389
1300344|60
1300347|288
1300348|24
1300350|63
1300351|11
1300352|321
1300353|3237
1300354|106
1300355|12
1300356|93
1300357|66
1300358|18
1300359|3603
1300360|17
1300361|1235
1300362|26
1300365|91
1300366|250
1300368|55
1300369|21
1300370|54
1300371|343
1300372|23
1300374|12484
1300375|299
1300377|4101
1300378|201
1300381|269
1300385|147
1300386|12
1300389|115
1300390|41
1300391|36
1300392|986
1300395|10306
1300396|33
1300399|1004
1300403|57
1300406|31
1300407|31
1300409|110
1300411|51
1300413|31
1300417|52
1300420|60
1300422|208
1300426|1390
1300431|26
1300436|539
1300438|98
1300439|75
1300440|93
1300442|36
1300443|32
1300444|64
1300446|14
1300448|64
1300451|198
1300453|27
1300455|35
1300460|13
1300464|102
1300467|18
1300470|30
1300474|13
1300484|26
1300485|31
1300486|35
1300487|1711
1300489|112
1300492|20
1300493|69
1300495|35
1300496|28
1300498|3844
1300501|81
1300505|621
1300506|179
1300507|80
1300508|281
1300509|80
1300510|54
1300517|31
1300518|13
1300519|70
1300520|83
1300522|240
1300528|5071
1300529|399
1300532|20
1300535|37
1300536|25
1300537|2274
1300540|54
1300541|45
1300543|68
1300547|131
1300548|408
1300549|1195
1300551|3802
1300552|15
1300553|214
1300554|161
1300555|5577
1300558|39
1300559|34
1300560|13
1300561|11
1300562|24
1300565|314
1300566|1713
1300568|45
1300569|38
1300570|140
1300571|383
1300572|2791
1300574|28
1300575|535
1300578|117
1300581|236
1300583|57
1300584|24
1300586|30
1300588|36
1300592|64
1300595|80
1300596|13
1300597|11
1300599|24
1300605|2662
1300607|18
1300608|4073
1300609|12
1300612|56
1300613|7821
1300614|175
1300616|14566
1300618|9317
1300622|17
1300627|39
1300631|28
1300632|31
1300636|330
1300637|28
1300639|19
1300641|56
1300642|34
1300644|668
1300647|29
1300648|16
1300650|44
1300655|770
1300656|4640
1300659|2122
1300660|94
1300664|14
1300671|22
1300675|24
1300678|1452
1300685|5622
1300686|36
1300689|35
1300692|388
1300693|28
1300694|75
1300696|70
1300698|671
1300699|535
1303538|17
1303540|12
1303542|703
1303543|724
1303544|79
1303545|1020
1303546|45
1303547|29
1303549|123
1303550|65
1303552|28
1303553|170
1303554|261
1303555|439
1303556|241
1303557|407
1303558|118
1303559|1065
1303560|58
1303561|388
1303562|860
1303563|70
1303564|180
1303565|43
1303566|142
1303567|113
1303568|14
1303569|210
1303570|27
1303571|169
1303645|17
1303649|16
1303651|770
1303654|926
1303657|699
1303659|70
1303660|88
1303671|702
1303672|196
1303673|25
1303674|1292
1303676|379
1303677|30
1303680|164
1303682|21
1303684|21
1303685|84
1303687|100
1303689|23
1303691|629
1303693|961
1303695|332
1303698|369
1303705|18
1303707|12
1303710|336
1303712|36
1303714|401
1303715|39
1303717|447
1303718|114
1303720|13
1303723|881
1303724|158
1303725|11
1303728|153
1303731|397
1303733|32
1303737|110
1303740|190
1303741|11
1303743|11
1303757|136
1303758|51
1303759|165
1303762|36
1303765|48
1303766|22
1303767|29
1303769|470
1303770|59
1303773|1717
1303774|29
1303779|19
1303781|158
1303782|113
1303783|199
1303786|65
1303789|52
1303790|45
1303794|143
1303801|482
1303804|55
1303805|12
1303806|29
1303808|320
1303813|456
1303815|15270
1303820|12
1303822|15
1303823|1113
1303828|49
1303831|85
1303835|105
1303839|91
1303845|71
1303847|2381
1303850|58
1303854|35
1303856|131
1303858|13
1303862|553
1303863|15
1303865|20
1303867|131
1303869|20
1303870|11
1303871|1748
1303877|309
1303878|22
1303883|39
1303885|11
1303887|27
1303896|84
1303897|591
1303898|222
1303906|100
1303907|5936
1303908|15
1303909|321
1303910|2058
1303911|15
1303912|26
1303913|1721
1303914|432
1303915|126
1303916|383
1303917|3612
1303922|131
1303924|189
1303927|159
1303928|41
1303930|49
1303936|312
1303938|47
1303941|24
1303944|253
1303948|477
1303950|88
1303952|62
1303953|121
1303955|44
1303961|63
1303964|203
1303965|26
1303972|290
1303973|22
1303974|672
1303976|568
1303978|12
1303979|202
1303980|63
1303981|42
1303983|410
1303985|33
1303987|1482
1303988|13
1303989|303
1303991|38
1303993|13
1303994|174
1303995|71
1303996|74
1303998|100
1304002|279
1304004|36
1304006|15
1304007|363
1304009|14
1304014|12
1304017|22
1304018|61
1304021|237
1304022|7150
1304023|130
1304026|4285
1304028|29
1304030|50
1304031|38
1304034|764
1304037|21
1304038|4937
1304040|32
1304042|59
1304044|702
1304045|566
1304048|22
1304050|110
1304051|305
1304054|44
1304056|7857
1304060|70
1304063|94
1304065|16
1304066|22
1304069|18
1304071|56
1304073|31133
1304080|32
1304081|536
1304082|12
1304084|14
1304085|13
1304089|12
1304091|2329
1304095|12
1304100|427
1304102|15822
1304105|44
1304106|12
1304108|19
1304114|1016
1304121|50
1304124|149
1304128|18
1304131|14
1304132|388
1304133|39
1304134|16
1304140|37
1304141|7678
1304143|80
1304145|15
1304146|140
1304150|12
1304151|35
1304152|93
1304154|423
1304155|127
1304156|57
1304157|31
1304159|39
1304170|45
1304174|15
1304178|106
1304180|21
1304183|223
1304187|13
1304189|18
1304195|20
1304199|64
1304201|22
1304204|159
1304205|20
1304208|110
1304209|261
1304213|38
1304217|18
1304220|14
1304221|24
1304225|13
1304226|74
1304230|12
1304231|39
1304235|38
1304237|51
1304238|271
1304239|250
1304240|96
1304241|14
1304243|252
1304244|669
1304246|22
1304247|191
1304249|20
1304251|81
1304253|70
1304254|97
1304257|557
1304258|102
1304259|54
1304260|70
1304261|65
1304264|35
1304265|32
1304269|161
1304270|20
1304271|170
1304273|12
1304275|19
1304278|38
1304282|1834
1304284|14
1304287|34
1304289|176
1304290|27
1304291|340
1304294|43
1304295|78
1304302|119
1304304|2206
1304309|356
1304310|2822
1304312|91
1304316|74
1304317|54
1304318|150
1304322|19
1304323|69
1304332|83
1304337|2915
1304338|3611
1304340|23
1304342|32
1304344|54
1304346|29
1304347|11
1304348|21
1304353|110
1304357|101
1304364|183
1304369|20
1304372|12
1304374|1486
1304377|17
1304379|34
1304382|233
1304384|123
1304390|59
1304396|66
1304397|4935
1304401|80
1304404|26
1304405|228
1304406|1619
1304408|167
1304409|13
1304410|24
1304412|38
1304420|190
1304421|31
1304422|16
1304426|29
1304430|43
1304432|38
1304433|40
1304436|319
1304437|46
1304443|51
1304446|26
1304447|42189
1304456|15
1304459|107
1304465|128
1304466|35
1304469|2691
1304470|54
1304471|28
1304473|15
1304476|2233
1304483|39
1304485|7614
1304488|194
1304489|324
1304490|2480
1304493|97
1304494|61
1304495|95
1304496|360
1304497|28
1304500|14
1304501|15
1304503|117
1304507|27
1304509|31
1304510|50
1304513|27
1304514|19
1304516|17
1304518|13
1304522|208
1304523|25
1304525|11
1304527|14
1304528|51
1304529|85
1304530|4053
1304532|15
1304534|288
1304536|1498
1304538|142
1304539|48
1304541|503
1304542|297
1304543|130
1304545|26
1304551|14
1304553|44
1304554|227
1304558|45
1304559|16
1304560|838
1304563|101
1304566|12
1304567|754
1304570|15
1304571|49
1304576|45
1304578|21
1304579|41
1304580|103
1304581|75
1304582|1264
1304583|174
1304584|14
1304585|17808
1304590|14
1304591|56
1304595|19
1304596|271
1304598|16
1304600|184
1304601|48
1304602|1035
1304603|703
1304605|46
1304606|68
1304607|737
1304608|4214
1304648|3517
1304652|26
1304654|45
1304658|17
1304659|181
1304660|180
1304663|69
1304665|347
1304666|45
1304667|41
1304669|193
1304671|16
1304672|28
1304676|1744
1304677|1668
1304680|78
1304681|111
1304682|124
1304687|1385
1304689|22
1304694|329
1304695|198
1304697|80
1304708|8266
1304710|179
1304711|330
1304712|20
1304713|305
1304717|96
1304722|84
1304723|114
1304726|549
1304728|18
1304730|466
1304732|56
1304738|117
1304739|18
1304740|191
1304741|131
1304744|18
1304745|39
1304748|66
1304749|189
1304750|45
1304752|433
1304753|430
1304754|11
1304756|17
1304758|941
1304763|175
1304764|43
1304766|871
1304771|193
1304772|18
1304774|79
1304776|12
1304780|81
1304783|37
1304785|47
1304787|81
1304791|27
1304798|557
1304799|14
1304806|14
1304809|72
1304810|18
1304811|2996
1304812|30
1304813|228
1304814|42
1304817|106
1304820|17
1304826|4518
1304828|208
1304829|37
1304830|329
1304837|1131
1304842|26
1304853|97
1304854|9146
1304855|55
1304856|73
1304857|317
1304858|191
1304859|181
1304862|362
1304863|17
1304865|12
1304866|30
1304868|1293
1304869|96
1304870|194
1304871|15
1304872|20
1304873|51
1304879|1063
1304885|22
1304889|71
1304897|212
1304898|4716
1304899|6852
1304900|3930
1304901|81
1304905|419
1304914|12
1304915|1123
1304919|60
1304920|1379
1304925|47
1304928|29
1304930|198
1304933|14
1304935|45
1304936|31
1304938|35
1304939|66
1304940|652
1304942|5766
1304951|39
1304952|457
1304953|156
1304957|337
1304958|141
1304961|973
1304967|14
1304970|10660
1304971|51
1304972|6888
1304974|33
1304975|40
1304977|948
1304978|639
1304981|1193
1304982|65
1304983|166
1304985|39
1304989|1058
1304992|21
1304993|11
1304994|11
1304996|11
1304998|200
1305003|948
1305005|19
1305010|1379
1305016|155
1305017|14
1305018|91
1305020|132
1305022|51
1305023|17
1305032|164
1305034|2678
1305035|32
1305036|272
1305037|22
1305039|28
1305040|25
1305042|198
1323746|2448
1323747|89
1323749|7049
1325005|1120
1325007|181
1325009|30
1325399|6166
1325958|16716
1326038|4695
1326206|405
1326208|2302
1326538|194
1364764|1203
1364815|105
1364816|105
1382867|43
1397512|36
1397546|10713
1397550|2316
1397788|84
1400123|397
1400144|1138
1400211|318
1400240|1556
1400265|47
1400269|91
1400276|215
1400277|16
1400646|88
1400649|305
1400650|260
1400665|1843
1400666|538
1400667|250
1400668|929
1400673|386
1400692|224
1404089|56
1404400|112
1404401|22
1404426|82
1404431|28
1404698|26
1404702|99
1404845|103
1417227|84
1417229|95
1417233|791
1417234|375
1417235|1179
1417236|985
1417237|903
1417250|106
1417304|463
1417309|176
1417336|816
1417370|209
1417372|104
1417380|16
1417428|888
1417429|16
1417430|247
1417432|56
1417433|147
1417441|83
1417454|128
1417461|2339
1417468|22
1417485|32
1417487|164
1417488|21
1417489|565
1417493|11
1417534|24
1417536|297
1417543|403
1417545|104
1417551|14
1417555|1329
1417576|1052
1417612|468
1417676|63
1417726|831
1417728|7035
1417730|104
1417737|96
1417751|126
1417753|1737
1417754|1737
1417847|579
1417865|209
1417866|57
1417867|185
1417868|2633
1417869|14
1417877|35
1417885|61
1417898|46
1417899|89
1417900|20
1417901|288
1417904|12
1417910|465
1417911|371
1417914|105
1417918|48
1417945|424
1417946|5358
1417947|82
1417948|26
1417956|291
1417957|83
1417958|12
1417959|31
1417962|15
1417997|51
1417999|360
1418001|26
1418016|92
1418018|64
1418019|6580
1418052|769
1418070|18641
1418075|90
1418076|1930
1418081|34
1418085|196
1418089|41
1418091|119
1418092|47
1418093|13
1418096|47
1418108|47
1418120|79
1418128|80
1418130|46
1418141|74
1418157|466
1418158|37
1418167|23
1418174|124
1418179|1296
1418184|74
1418187|1791
1418189|6066
1418190|9782
1418191|3946
1418192|13385
1418194|2900
1418195|37
1418196|76
1418197|1233
1418198|528
1418199|530
1418200|41482
1418238|1537
1418240|418
1418245|61
1418246|469
1418267|385
1418270|2139
1418284|209
1418290|45
1418292|346
1418334|48
1418357|70
1418407|35
1418408|13
1418411|308
1418417|26
1418425|33
1418426|34
1418427|80
1418462|13
1418463|41
1418464|68
1418477|472
1418478|240
1418480|18
1418492|200
1418500|40
1418519|3739
1418525|20
1418529|668
1418570|674
1418605|8754
1418613|606
1418614|203
1418619|35
1418622|479
1418624|50
1418625|81
1418626|45
1418627|143
1418629|32
1418631|93
1418632|39
1418635|16
1418640|6371
1418642|73
1418660|2643
1418671|550
1418677|1109
1418691|248
1418696|187
1418714|80
1418746|506
1418747|1109
1418748|55
1418749|55
1418752|28439
1418770|311
1418780|206
1418782|14
1418825|12
1418834|41557
1418859|385
1418872|38
1418873|331
1418903|39
1418915|20
1418918|40
1418919|3884
1418923|470
1418954|564
1418997|363
1418998|463
1419005|469
1419016|16
1419019|112
1419031|64
1419044|403
1419052|235
1419053|79
1419111|376
1419136|1193
1419168|34
1419169|133
1419203|137
1419211|192
1419212|35
1419267|36
1419271|138
1419294|220
1419297|15817
1419299|107
1419338|33
1419339|23
1419341|25
1419342|65
1419362|81
1419364|38
1419365|40
1419376|324
1419416|2835
1419444|73
1419445|420
1419446|396
1419479|743
1419480|70
1419481|145
1419482|405
1419483|93
1419493|32
1419496|11
1419519|36
1419520|76
1419543|18
1419547|264
1419557|271
1419581|2320
1419582|2106
1419584|178
1419611|29
1419626|11
1419637|23
1419638|564
1419661|220
1419665|177
1419673|49
1419688|13
1419689|97
1419712|63
1419723|53
1419724|72
1419725|150
1419733|32
1419851|71
1419856|2841
1419862|12
1419864|23
1419872|235
1419880|79
1419899|153
1419900|51
1419901|2295
1419903|693
1419904|448
1419905|24
1419918|409
1419920|230
1419921|13
1419922|32
1419923|156
1419924|473
1419925|159
1419926|162
1419928|16
1419929|356
1419931|14
1419933|7944
1419934|2471
1419935|1894
1419936|16791
1419937|60
1419938|14
1419939|1488
1419940|91
1419941|439
1419942|481
1419943|91
1419945|15
1419947|16
1419949|229
1419950|14
1419953|2660
1419954|82
1419955|38
1419956|27
1419957|37
1419958|520
1419960|64
1419961|121
1419962|371
1419965|706
1419966|219
1419967|176
1419968|12
1419969|12946
1419970|41
1419972|104
1419973|23
1419974|4161
1419975|20
1419976|1058
1419977|44
1419978|221
1419980|31
1419981|384
1419982|39
1419983|170
1419984|144
1419985|899
1419986|289
1419988|77
1419989|18
1419992|1078
1419993|366
1419995|33
1419999|14
1420001|126
1420002|17
1420003|14
1420004|69
1420005|34
1420006|277
1420007|163
1420009|11
1420010|1083
1420011|14
1420012|18
1420016|101
1420017|97
1420018|54
1420019|18
1420020|44
1420021|7433
1420024|17
1420026|13
1420028|54
1420029|19
1420032|19
1420033|11
1420034|63
1420037|13
1420038|101
1420042|40
1420044|117
1420047|12
1420048|155
1420050|35
1420053|124
1420064|125
1420071|20
1420074|102
1420075|33
1420077|199
1420080|626
1420081|43
1420082|54
1420083|75
1420087|94
1420088|1231
1420089|19
1420092|25
1420094|168
1420112|13
1420116|114
1420118|18
1420121|12
1420122|17
1420124|323
1420127|48
1420215|38
1420219|12
1420225|15
1420238|33
1420255|25
1420268|100
1420278|18
1420283|166
1420286|18
1420287|35
1420288|24
1420289|17
1420673|14
1421051|221
1421057|70
1421070|37
1421095|40
1421103|930
1421104|528
1421105|72
1421275|1986
1421278|4707
1421280|218
1421281|312
1421282|237
1421283|107
1421284|248
1421285|106
1421286|252
1421292|126
1421300|59
1421303|159
1421304|18
1421305|18
1421306|78
1421307|36
1421309|121
1421316|11
1421366|481
1421370|21
1421372|21
1421468|422
1421469|101
1421470|88
1421477|21
1421480|501
1421481|52
1421482|37
1421489|374
1421548|598
1421570|477
1421572|61
1421619|246
1421667|119
1421673|730
1421676|175
1421681|35
1421682|120
1421721|4033
1421733|1947
1421734|655
1421735|58
1421736|15
1421737|117
1421738|128
1421739|115
1421740|119
1421741|81
1421742|72
1421743|31
1421758|13
1421770|96
1421772|65
1421774|836
1421775|284
1421778|1316
1421779|330
1421780|85
1421781|2673
1421794|25
1421796|248
1421807|937
1421809|10334
1421810|28
1421811|37
1421818|67
1421822|123
1421823|15707
1421825|39
1421826|60
1421843|51
1421845|239
1421847|365
1421850|483
1421851|18
1421858|12
1421863|47
1421867|181
1421878|35
1421879|398
1421881|35
1421883|54
1421884|571
1421885|218
1421886|634
1421887|17
1421891|40
1421899|144
1421900|85
1421924|168
1421926|127
1421927|653
1421928|434
1421930|50
1421931|28
1421933|695
1421937|11
1421938|25
1421939|14
1421942|55
1421966|623
1421967|213
1421968|43
1422162|116
1422169|42
1422171|71
1422175|64
1422176|107
1422177|20
1422186|221
1422189|54
1422193|63
1422203|72
1422204|1346
1422205|124
1422208|675
1422233|628
1422235|13
1422244|29
1422273|33
1422279|91
1422281|45
1422283|257
1422284|102
1422286|557
1422289|365
1422299|121
1422306|1890
1422308|17
1422310|32
1422319|69
1422332|24
1422340|298
1422357|21
1422883|346
1422888|244
1422889|3064
1422890|221
1422891|22
1422894|37
1422895|12
1422897|49
1422898|30
1422904|86
1422905|19
1422907|80
1422908|380
1422909|1962
1422910|64
1422911|1350
1422912|829
1422913|1455
1422914|78
1422915|792
1422916|181
1422917|1832
1422918|48
1422919|64
1422920|3922
1422922|1807
1422924|45
1422925|561
1422927|991
1422931|61
1422932|16
1422934|212
1422935|21
1422936|155
1422937|26
1422938|680
1422940|78
1422941|38
1422942|20
1422946|61
1422947|839
1422948|1049
1422949|431
1422950|3777
1422951|546
1422952|3360
1422954|975
1422955|81
1422956|13
1422957|2119
1422960|86
1422961|52
1422963|14
1422964|11
1422969|13
1422970|116
1422971|15
1422973|22
1422977|34
1422979|23
1422982|21
1422985|12
1422986|105
1422987|58
1422989|52
1422992|1509
1422994|151
1422995|50
1422996|258
1422997|30
1422998|27
1422999|82
1423002|32
1423006|33
1423018|13
1423019|12
1423020|22
1423021|156
1423023|24
1423028|64
1423029|16
1423031|283
1423033|26
1423035|1081
1423038|150
1423039|45
1423040|16
1423042|16
1423043|2097
1423044|51
1424212|35
1424217|13
1424218|1950
1424219|319
1424222|15
1424226|1295
1424227|1295
1424228|1295
1424230|1295
1424243|94
1424253|36
1424256|14
1424257|72
1424262|33
1424280|26
1424281|36
1424283|27
1424284|141
1424325|305
1424332|25
1424333|14
1424334|2344
1424335|29
1424366|14
1424371|30
1424406|3585
1424450|20
1424462|16
1424468|67
1424469|666
1424476|15
1424478|25
1424486|39
1424546|45
1424550|76
1424551|179
1424552|259
1424556|193
1424571|11
1424573|11
1424574|21
1424576|18
1424581|19
1424582|1401
1424591|16
1424600|15
1424605|45
1424611|25
1424612|11
1424613|83
1424616|28
1424617|22
1424618|174
1424620|108
1424622|22
1424627|344
1424629|208
1424630|390
1424631|372
1424632|198
1424633|738
1424639|331
1424640|174
1424642|86
1424643|24
1424654|120
1424655|711
1424656|105
1424661|482
1424664|60
1424668|18
1424691|26
1424701|15
1424702|2259
1424728|12
1424732|792
1424735|94
1424743|441
1424746|1276
1424747|18
1424748|619
1424775|12
1424781|1635
1424801|42
1424804|322
1436998|1079
1437000|197
1437013|101
1437015|167
1437023|228
1437025|21
1437037|573
1437092|46
1437093|72
1437094|244
1437096|125
1437097|112
1437107|184
1437109|9497
1437119|64
1437128|1834
1437164|118
1437165|96
1437179|258
1437204|2942
1437260|123
1437313|24
1437315|72
1437317|121
1437318|209
1437320|75
1437321|26
1437322|1498
1437326|112
1437331|65
1437332|469
1437338|131
1437339|1882
1437342|7854
1437344|19
1437368|101
1437375|252
1437377|996
1437388|18
1437389|199
1437390|685
1437391|128
1437392|63
1437393|92
1437394|56
1437395|57
1437398|17
1437408|17
1437409|157
1437410|288
1437417|55
1437418|15
1437419|38
1437421|28
1437422|26
1437424|18
1437425|15
1437426|28
1437427|34
1437430|28
1437432|152
1437444|18
1437470|45
1437473|62
1437476|96
1437480|347
1437482|28
1437495|185
1437501|21
1437502|18
1437541|53
1437544|356
1437553|26
1437554|284
1437555|15
1437608|17
1437613|46
1437614|54
1437623|678
1437665|42
1437666|18
1437684|548
1437703|414
1437744|44
1437751|23
1437752|48
1437755|101
1437761|62
1437774|46
1437775|129
1437840|43
1437842|146
1437847|306
1437856|118
1437857|330
1437861|120
1437883|1366
1437887|21
1437898|83
1437909|589
1437910|38
1437924|36
1437936|11
1437960|40
1438013|16
1438015|13
1438018|80
1438020|325
1438021|192
1438024|50
1438025|15
1438039|566
1438041|1462
1438048|33
1438055|62
1438066|924
1438068|114
1438081|269
1438091|526
1438093|1381
1438116|137
1438145|237
1438226|12
1438229|31
1438236|124
1438238|10677
1438239|42
1438242|40
1438243|27
1438247|244
1438274|116
1438279|73
1438280|104
1438282|871
1438290|378
1438298|502
1438299|360
1438300|2323
1438302|416
1438312|11
1438313|52
1438315|15
1438316|44
1438317|155
1438333|20
1438336|263
1438337|1749
1438338|1993
1438410|98
1438425|528
1438427|18
1438465|240
1438479|24
1438480|28
1438520|426
1438540|38
1438552|13
1438553|18
1438566|13
1438584|510
1438591|90
1438600|61
1438612|17
1438613|78
1438616|22
1438617|14
1438621|21
1438623|16
1438633|194
1438637|112
1438638|22
1438644|33
1438649|124
1438652|34920
1438683|14
1438688|43
1438689|1706
1438708|1434
1438718|189
1438733|262
1438734|1037
1438739|39
1438746|685
1438759|2229
1438760|14176
1438790|1186
1438797|25
1438811|437
1438851|236
1438870|354
1438877|25
1438878|91
1438879|23
1438924|84
1438926|147
1438938|576
1438960|79
1439006|68
1439019|36
1439083|14
1439085|262
1439086|11
1439102|30
1439106|82
1439107|184
1439126|112
1439177|376
1439183|43
1439190|369
1439192|267
1439200|16
1439204|265
1439205|1932
1439206|13
1439230|149
1439241|582
1439242|92
1439249|65
1439264|15
1439281|13
1439286|844
1439316|96
1439334|143
1439338|90
1439394|762
1439395|762
1439396|56
1439400|445
1439411|109
1439439|11
1439452|897
1439455|47
1439463|169
1439465|21
1439481|277
1439487|7896
1439488|1718
1439497|700
1439498|700
1439540|199
1439541|30
1439550|33
1439560|124
1439579|4506
1442611|16
1442614|44
1442622|44
1442630|13
1442640|23
1442653|26
1442675|15
1442700|615
1442740|1731
1442752|22
1442853|82
1443587|151
1443607|55
1443634|31
1443642|12
1443648|334
1443649|160
1443650|2976
1443651|129
1443653|21
1443661|37
1443675|15
1457127|620
1457132|64
1457191|2435
1457217|9226
1457218|5922
1457219|3035
1462667|132
1462668|28
1462674|44
1462675|124
1462685|36
1462717|23
1462839|454
1462910|23
1463115|44
1463129|17
1463201|109
1463224|4775
1463240|153
1463243|196
1463245|23
1463247|20
1463252|394
1463346|92
1463355|167
1463357|260
1463369|84
1463371|5067
1463376|2604
1463379|4473
1463381|3418
1463384|3815
1463385|6947
1463387|3324
1463389|3093
1463390|173
1463433|77
1463715|39
1463762|1560
1463764|857
1463777|54
1463787|885
1463872|5305
1463875|75
1463879|4048
1463934|150
1463958|454
1463961|1015
1464065|48
1464066|545
1464067|2243
1464130|18
1464134|155
1464141|134
1464169|73
1464171|144
1464182|17
1464196|15
1464303|1033
1464338|3027
1464341|14
1464345|27
1464349|124
1464352|38
1464356|22
1464359|23
1464360|19
1464368|2973
1464389|270
1464397|74
1464448|4274
1464449|806
1464450|497
1464451|886
1464452|545
1464477|226
1464520|389
1464526|296
1464528|2781
1464533|51
1464535|176
1464539|27
1464540|1593
1464546|213
1464548|2968
1464563|3389
1464570|21
1464571|15
1464578|37
1464585|141
1464592|67
1464595|410
1464602|90
1464614|192
1464618|373
1464628|297
1464633|882
1464646|33
1464734|14
1464748|237
1464754|42
1464774|45
1464814|44
1464820|14
1464829|1392
1464834|807
1464837|4918
1464838|3838
1464839|581
1464840|695
1464841|712
1464872|133
1464885|82
1464901|266
1464903|58
1464907|812
1464918|11
1464932|93
1464933|45
1464936|338
1464954|29
1464956|247
1465020|698
1465021|1894
1465023|474
1465024|389
1465035|3238
1465036|1458
1465037|5818
1465039|1315
1465063|23
1465081|2238
1465086|2839
1465087|3339
1465088|1889
1465091|704
1465131|215
1465284|3433
1465292|13
1465297|30
1465300|772
1465306|138
1465313|93
1465316|15
1465325|1115
1465348|41
1465371|24
1465384|243
1465390|4949
1465410|182
1465415|3081
1465429|1199
1465450|318
1465454|12
1465457|15
1465458|47
1465461|43
1465462|34
1465463|73
1465465|137
1465471|226
1465552|44
1465556|13
1465570|36
1465572|15
1465601|27
1465603|28
1465606|27
1465629|1440
1465630|67
1465654|3681
1465668|5408
1465676|871
1465679|2275
1465687|763
1465689|603
1477440|199
1477448|7440
1477468|62
1477470|11
1477496|23
1477501|52
1477506|1987
1477508|21
1477510|18
1477527|15
1477530|86
1477533|114
1477536|113
1477537|30
1477608|183
1477656|24
1477717|211
1477724|59
1477853|49
1477865|60
1477894|11023
1477899|27
1477916|2939
1477917|34
1477919|38
1477924|151
1477963|3048
1478007|16
1478031|98
1478037|42
1478041|28
1478042|57
1478063|1797
1478064|4439
1478066|2286
1478142|72
1478168|1319
1478174|195
1478186|2953
1478230|125
1478259|831
1478268|83
1478272|1893
1478277|400
1478280|147
1478285|357
1478336|160
1478378|84
1478398|232
1478453|13
1478582|1966
1478610|78
1478691|35
1478789|1182
1478851|411
1482505|2360
1482507|43
1482511|46
1482512|141
1482514|28
1482518|15
1482525|99
1482530|23
1482636|242
1482643|19
1482671|162
1482673|174
1482687|51
1482688|245
1482691|260
1482692|32
1482698|285
1482701|39
1482707|116
1482709|427
1482717|71
1482743|17
1482757|117
1482823|58
1482825|12
1482834|44
1482849|28
1482853|253
1482869|125
1482898|20
1482911|6659
1482925|13
1482926|17
1482933|40
1482949|40
1482955|20
1482961|312
1483000|172
1483037|19
1483156|26
1498064|14
1498178|206
1498337|85
1498410|205
1498499|24
1498578|33
1498583|19
1498591|87
1498592|111
1498593|120
1498594|131
1498595|95
1498597|77
1498599|89
1498602|74
1498603|82
1498604|1690
1498605|153
1498606|87
1498607|148
1498609|29
1498611|63
1498612|244
1498614|17
1498629|149
1498632|51
1498641|35
1498644|30
1498646|31
1498649|20
1498652|36
1498657|63
1498658|275
1498662|17
1498668|38
1498670|128
1498673|54
1498675|17
1498680|90
1498694|21
1498710|11
1498712|17
1498716|84
1498717|37
1498721|27
1498722|21
1498729|19
1498811|3158
1498818|13945
1498825|745
1498831|18921
1498848|102
1498855|149
1499008|10534
1499146|26
1499148|19395
1499149|295
1499150|143
1499153|179
1499154|19
1499155|15
1499158|17
1499161|19
1499251|51
1499259|63
1499266|301
1499268|136
1499269|12
1499336|26
1499385|109
1499465|26
1499488|55
1499492|86
1499618|13
1499621|13
1499622|18
1499623|11
1499626|13
1499627|11
1499656|12
1499660|28
1499662|71
1499667|14
1499669|1521
1499670|123
1499674|143
1499719|101
1499721|11
1499762|104
1499796|1056
1499803|11
1499847|26
1499848|70
1499895|41
1578465|176
1578469|34
1578471|46
1578475|622
1578484|438
1578487|680
1578500|1476
1578502|1953
1578503|3338
1578507|16220
1578509|5219
1578510|521
1578548|15
1578550|11
1578551|63
1578553|24
1578555|109
1578558|33
1578559|77
1578561|45
1578562|19
1578572|83
1578627|59
1578636|23
1578639|86
1578641|46
1578643|1991
1578646|1227
1578664|238
1578665|40
1578669|4688
1578674|250
1578685|3415
1578694|220
1578698|520
1578710|101
1578711|185
1578712|68
1578714|14
1578715|176
1578717|16
1578718|749
1578723|826
1578754|15
1578822|13
1583291|26
1583295|180
1597950|29173
1597958|25
1637692|96
1638127|138
1639380|172
1662432|50
1662939|28
1663240|12
1663415|1734
1663436|23
1663438|11
1664920|33
1678781|182
1680330|217
1682948|15
1718150|1799
1718158|122
1718162|2925
1718176|136
1737233|34
1738970|79
1739376|17
1740006|48
1740685|94
1743692|25
1757610|635
1757662|197
1757717|85
1757728|33
1757729|17
1757807|233
1757925|387
1757926|11
1757927|118
1757929|616
1757934|38
1757936|66
1757937|125
1757945|101
1758043|63
1758062|26
1758068|4936
1758161|352
1758164|78
1758212|55
1758224|52
1758227|11
1758333|48
1758339|86
1758350|61
1758351|346
1758356|18
1758363|158
1758376|45
1758385|11
1758389|279
1758391|51
1758439|102
1758473|15
1758474|25
1758482|124
1758487|3521
1758489|11
1758491|1246
1758540|140
1758566|49
1758581|140
1758584|19
1758590|58
1758603|59
1758606|54
1758626|20
1758635|12
1758640|12
1758645|109
1758659|22
1758662|25
1758716|444
1758777|30
1758810|8776
1758840|71
1758848|16
1758894|15
1777785|12
1777888|35
1777916|16
1777929|38
1777935|20
1777975|88
1777989|23
1778057|25
1778352|74
1778383|24
1778403|14
1778404|18
1778459|12
1778463|32
1778500|101
1778621|25
1778624|659
1778678|167
1778709|57
1778737|70
1778850|45
1778993|581
1778999|1503
1779002|33
1779007|17
1779015|90
1779022|13
1779026|27
1779027|17
1779045|40
1779061|52
1779064|48
1779086|20
1779098|179
1779110|122
1779119|18
1779188|13
1779252|137
1779254|188
1779293|13
1779297|12
1779304|309
1779313|12
1779314|25
1779321|42
1779322|121
1779347|16
1779354|197
1779361|102
1779362|39
1779364|36
1779365|22
1779375|32
1779379|1292
1779383|54
1779498|238
1779509|829
1779520|12
1779522|15
1779523|420
1779533|19
1779543|47
1779558|16
1779625|102
1779632|4691
1779639|26
1779678|21
1779689|610
1779740|13
1779763|20
1779770|29
1779829|296
1779853|18
1779880|29
1779915|116
1779928|23
1779940|102
1780029|306
1780122|1346
1780168|2751
1780214|16
1780216|34
1780256|208
1780330|48849
1780342|84
1780345|29
1780367|35
1780423|31
1780428|304
1780436|53
1783296|16
1783298|30
1783299|15
1783441|17
1783457|27134
1783461|1865
1783462|4175
1783531|11
1783537|140
1783538|20
1783540|13
1783545|21
1783549|29
1783575|68
1783600|18
1783772|23721
1783774|1789
1783792|19
1783930|14
1784006|17
1784076|756
1784147|11
1784381|26
1784399|37
1784634|20
1784747|121
1784864|11
1797793|215
1797941|28
1798010|86
1798090|14
1798175|148
1798225|77
1798293|52
1798310|181
1798313|71
1798317|34
1798358|22
1798412|11
1798419|20
1798436|14
1798448|70
1798473|67
1798530|12
1798665|320
1798697|31
1798970|64
1799019|42
1799053|54
1799193|17
1799209|1367
1799237|94
1799273|12
1799274|182
1799501|2810
1799547|19
1799557|22
1799561|38
1799565|20
1800022|35
1800126|48
1800127|73
1800175|19
1800306|24
1800351|33
1800412|13
1800440|36
1800498|46
1800503|105
1800597|8504
1800608|57
1800626|43
1800766|81
1800772|54
1800863|136
1804044|32
1804139|41
1804442|61
1804999|164
1805298|17
1805301|29
1805304|14
1805306|50
1805684|27
1805685|964
1805831|27
1805885|36
1805914|19
1805952|27
1806005|105
1806013|515
1806128|51
1806167|42
1806298|22
1806312|13
1806348|46
1806449|134
1806460|31
1818751|358
1819246|48
1819264|48
1819305|12
1819388|22895
1819460|759
1819882|14
1819888|574
1819891|1185
1820062|12
1820071|105
1839371|18
1839396|185
1839410|17
1839417|26
1839438|14
1839460|730
1839478|42
1839597|345
1839600|62
1839626|177
1839638|192
1839648|21
1839696|17
1839718|18
1839735|14
1839741|301
1839849|64
1839970|30
1840086|29
1840122|102
1840177|69
1840190|11
1840219|36
1840230|58
1840265|11
1840299|65
1840419|62
1840426|11
1840433|17
1840465|80
1840488|13
1840493|26
1840501|12
1840862|39
1840881|107
1841024|741
1841109|43
1857743|449
1857832|22
1857847|920
1857872|449
1857915|64
1857920|169
1857933|23
1857939|40
1858060|20
1858064|558
1858095|40
1858113|142
1858172|66
1858192|1421
1858233|173
1858250|176
1858259|145
1858266|12
1858267|319
1858268|571
1858270|1155
1858271|97
1858306|21
1858531|60
1858661|16
1858662|16
1858667|11
1858675|33
1858678|1727
1858709|16642
1858711|37340
1858721|19
1858799|172
1858802|5986
1858821|139
1877363|460
1877568|140
1877582|528
1877596|599
1877626|598
1877803|26
1877816|36
1877818|110
1877942|250
1877973|36
1878011|45
1878073|411
1878079|15
1878136|737
1878148|28
1878176|1522
1878257|1325
1878291|16
1878317|15
1878360|7506
1878421|68
1878480|120
1878486|136
1878493|28
1878507|22
1878605|3336
1878616|898
1878623|117
1878697|39
1878704|25
1878705|29
1878707|18
1878712|19
1878715|12
1878718|22
1878722|78
1878728|142
1878763|31
1878865|184
1882503|390
1882845|14
1883286|44
1883355|53
1883375|24
1883406|727
1883634|382
1883642|136
1883692|123
1883701|4385
1883707|251
1883725|258
1883755|4442
1883836|75
1897477|7511
1897777|162
1897794|92
1897802|195
1897847|95
1897851|158
1897863|190
1897877|31
1897943|13
1897944|30
1897947|62
1897967|450
1898022|23
1898121|3129
1898129|195
1898201|84
1898223|8608
1898239|172
1898357|1453
1898397|59
1898440|39
1898524|11
1898602|17
1898632|97
1898729|806
1898731|71
1898732|277
1898830|81
1898831|54
1898833|84
1898834|126
1899039|14
1899058|147
1899114|60
1899120|70
1899125|5141
1899141|1203
1899210|18
1899487|1054
1899490|40
1899496|62
1899537|12
1899601|1975
1899616|2471
1899630|123
1899636|23
1899657|32
1899664|46
1899767|505
1899783|18
1899805|11
1899892|487
1899948|30
1900004|15
1900006|36
1900105|38
1900121|2283
1900123|75
1900161|1717
1900165|336
1900172|2073
1900180|3401
1900195|28
1900206|51
1900237|90
1900321|358
1900337|78
1900434|19
1900458|278
1900464|226
1900485|357
1900488|619
1900492|2786
1900540|166
1900574|88
1900743|90
1900782|25
1900784|161
1900811|21
1900831|42
1900840|4996
1900841|31867
1900848|2293
1900857|22
1900858|108
1900866|90
1900885|1825
1901010|21
1901044|2781
1901078|208
1901218|364
1901328|1416
1901329|94
1901363|162
1901386|332
1901434|318
1901446|13
1901500|11
1901518|11
1901523|12
1901535|22
1901613|218
1901660|926
1901672|465
1901677|132
1901705|17
1901735|14
1901752|13
1901754|14
1901759|23
1901762|26
1901763|16
1901766|97
1901769|11
1901771|170
1901777|11
1901822|60
1901908|17
1901921|15
1902009|27
1902036|27
1902081|45
1902088|207
1902105|955
1902184|560
1902193|38
1902220|259
1902428|125
1902531|47
1902533|110
1902534|328
1902575|11
1902654|80
1902677|24
1902697|21
1902700|194
1902701|82
1902703|521
1902707|153
1902709|33
1902713|23
1902716|17
1902724|12
1902730|15
1902733|14
1902761|19
1902767|19
1902777|69
1902832|135
1902870|175
1902947|119
1902950|18
1903001|221
1903037|19
1903045|38
1903048|3469
1903060|72
1903067|57
1903081|32
1903199|73
1903216|63
1903267|111
1903271|84
1903286|1635
1903374|211
1903380|102
1903381|668
1903408|376
1903436|12
1903471|14
1903478|26
1903508|117
1903510|26
1903525|146
1903537|34
1903539|63
1903573|24
1903587|14
1903652|317
1903668|204
1903672|79
1903676|32
1903720|179
1903725|74
1903747|59
1903764|17
1903800|94
1903801|24
1903817|18
1903824|11
1903838|15
1903849|18
1903904|38
1904087|16
1904111|28
1904140|26
1904151|43
1904183|12
1904185|16
1904202|13
1904224|23
1904322|63
1904329|21
1904330|185
1904345|30
1904347|28
1904354|9389
1904497|17
1904505|434
1904606|159
1904612|222
1904661|33
1904667|15
1904688|185
1904761|11
1904803|50
1904882|24
1905185|29
1905271|56
1905275|51
1905303|12
1905305|29
1905351|35
1905359|23
1905459|155
1905462|22326
1905464|127
1905539|16
1905577|3982
1905634|205
1905666|198
1905698|108
1905734|40
1905743|110
1905760|159
1905772|24
1905777|2408
1905781|306
1905782|331
1905786|2828
1905788|323
1905790|1326
1905848|16
1905853|14
1906048|49
1906051|979
1906144|23
1906147|74
1906149|30
1906260|20
1906298|1309
1906385|26
1906391|554
1906413|275
1906433|853
1906453|1272
1906485|28
1917777|163
1917778|57
1917780|72
1917796|591
1917798|23
1917820|79
1917850|95
1917860|483
1917866|820
1917870|196
1917871|50
1917873|112
1917887|182
1917888|71
1917893|30
1917905|710
1917911|36
1917939|145
1917973|171
1918009|34
1918010|171
1918021|35
1918027|2050
1918028|673
1918057|25
1918082|27
1918087|165
1918112|16
1918128|11
1918131|35
1918133|222
1918196|38
1918205|19
1918208|1914
1918214|45
1918224|2608
1918239|130
1918294|37
1918318|18
1918319|22
1918347|134
1918369|15
1918382|606
1918402|18
1918439|13
1918445|201
1918446|18
1918511|13
1918513|34
1918547|341
1918590|68
1918601|177
1918648|1327
1918655|53
1918658|1320
1918696|612
1918697|67
1918704|134
1918709|12
1918738|5848
1918744|282
1918760|24
1918789|90
1918881|47
1918883|94
1918931|86
1918971|36
1919012|13
1919051|62
1919071|386
1919098|94
1919112|206
1919122|65
1919135|61
1919168|33
1919205|15
1919223|16
1919225|72
1919230|185
1919245|15128
1919275|12
1919283|19
1919302|252
1919343|311
1919348|30
1919408|42
1919451|59
1919511|42194
1919552|330
1919555|14
1919579|40
1919592|466
1919626|450
1919639|43
1919659|62
1919823|21
1919846|61
1919886|1588
1919898|369
1919905|40
1919906|1678
1919916|18
1919925|33
1919969|36
1920051|76
1920065|34
1920074|63
1920075|32
1920076|41
1920079|44
1920084|63
1920116|51
1920138|32
1920139|13
1920141|15
1920144|117
1920149|1345
1920152|117
1920158|1151
1920173|171
1920177|80
1920258|64
1920270|55
1920278|28
1920283|63
1920289|67
1920293|25
1920296|21
1920297|11
1920300|18
1920301|31
1920324|51
1920407|59
1920460|181
1920523|56
1920620|1365
1920630|26
1920651|11
1920665|13